dayofweek (adams)

mse: 5356.798804
rmse: 73.190155
mae: 57.858165
r2: 0.740681