season (dopri5)

mse: 40605.356507
rmse: 201.507708
mae: 135.937039
r2: 0.637596