season (adams)

mse: 244878.436777
rmse: 494.851934
mae: 359.760618
r2: -1.185546