dayofweek (euler)

mse: 7087511.753046
rmse: 2662.238110
mae: 2572.369667
r2: -342.101797