dayofweek (dopri5)

mse: 6214.190524
rmse: 78.830137
mae: 64.833373
r2: 0.699175