season (rk4)

mse: 43554.989975
rmse: 208.698323
mae: 159.539865
r2: 0.611271