dayofweek (rk4)

mse: 38909.553641
rmse: 197.255047
mae: 140.629278
r2: -0.883586