season (euler)

mse: 31784.461588
rmse: 178.281972
mae: 146.749024
r2: 0.716323